Time, Eating, beenHit, Dead, Dancing, Pposx, Pposy, lastAct,Pvelx, Pvely, Prot, Mposx, Mposy, Mvelx, Mvely, Mrot, numFruit, PMdis, Meat, mDance
0.811812,0,0,0,0,80,20,Wander,0, 0,0,100,477,1.5e-07,-3,-4.0413,1,457.437,0,0
0.880013,0,0,0,0,80,20,Wander,0, 0,0,100,477,1.5e-07,-3,-4.0413,1,457.437,0,0
0.89678,0,0,0,0,80,20,Wander,0, 0,0,100,477,1.5e-07,-3,-4.0413,1,457.437,0,0
0.913537,0,0,0,0,80,20,Wander,0, 0,0,100,477,1.5e-07,-3,-4.0413,1,457.437,0,0
0.9303,0,0,0,0,80,20,Wander,0, 0,0,100,477,1.5e-07,-3,-4.0413,1,457.437,0,0
0.947074,0,0,0,0,80,20,Wander,0, 0,0,100,477,1.5e-07,-3,-4.0413,1,457.437,0,0
0.963872,0,0,0,0,80,20,Wander,0, 0,0,100,477,1.5e-07,-3,-4.0413,1,457.437,0,0
0.980635,0,0,0,0,80,20,Wander,0, 0,0,100,477,1.5e-07,-3,-4.0413,1,457.437,0,0
0.997394,0,0,0,0,80,20,Wander,0, 0,0,100,477,1.5e-07,-3,-4.0413,1,457.437,0,0
1.01413,0,0,0,0,80,20,Wander,0, 0,0,100,477,1.5e-07,-3,-4.0413,1,457.437,0,0
1.03091,0,0,0,0,80,20,Wander,0, 0,0,100,477,1.5e-07,-3,-4.0413,1,457.437,0,0
1.04769,0,0,0,0,80,20,Wander,0, 0,0,100,477,1.5e-07,-3,-4.0413,1,457.437,0,0
1.06447,0,0,0,0,80,20,Wander,0, 0,0,100,477,1.5e-07,-3,-4.0413,1,457.437,0,0
1.08126,0,0,0,0,80,20,Wander,0, 0,0,100,477,1.5e-07,-3,-4.0413,1,457.437,0,0
1.09803,0,0,0,0,80,20,Wander,0, 0,0,100,477,1.5e-07,-3,-4.0413,1,457.437,0,0
1.11477,0,0,0,0,80,20,Wander,0, 0,0,100,477,1.5e-07,-3,-4.0413,1,457.437,0,0
1.13155,0,0,0,0,80,20,Wander,0, 0,0,100,477,1.5e-07,-3,-4.0413,1,457.437,0,0
1.14831,0,0,0,0,80,20,Wander,0, 0,0,100,477,1.5e-07,-3,-4.0413,1,457.437,0,0
1.16505,0,0,0,0,80,20,Wander,0, 0,0,100,477,1.5e-07,-3,-4.0413,1,457.437,0,0
1.18182,0,0,0,0,80,20,Wander,0, 0,0,100,477,1.5e-07,-3,-4.0413,1,457.437,0,0
1.19859,0,0,0,0,80,20,Wander,0, 0,0,100,477,1.5e-07,-3,-4.0413,1,457.437,0,0
1.21537,0,0,0,0,80,20,Wander,0, 0,0,100,477,1.5e-07,-3,-4.0413,1,457.437,0,0
1.23213,0,0,0,0,80,20,Wander,0, 0,0,100,477,1.5e-07,-3,-4.0413,1,457.437,0,0
1.24898,0,0,0,0,80,20,Wander,0, 0,0,100,477,1.5e-07,-3,-4.0413,1,457.437,0,0
1.26572,0,0,0,0,80,20,Wander,0, 0,0,100,477,1.5e-07,-3,-4.0413,1,457.437,0,0
1.28249,0,0,0,0,80,20,Wander,0, 0,0,100,477,1.5e-07,-3,-4.0413,1,457.437,0,0
1.29924,0,0,0,0,80,20,Wander,0, 0,0,100,477,1.5e-07,-3,-4.0413,1,457.437,0,0
1.31597,0,0,0,0,80,20,Wander,0, 0,0,100,477,1.5e-07,-3,-4.0413,1,457.437,0,0
1.3329,0,0,0,0,80,20,Wander,0, 0,0,100,477,1.5e-07,-3,-4.0413,1,457.437,0,0
1.34967,0,0,0,0,80,20,Wander,0, 0,0,100,477,1.5e-07,-3,-4.0413,1,457.437,0,0
1.36658,0,0,0,0,80,20,Wander,0, 0,0,100,477,1.5e-07,-3,-4.0413,1,457.437,0,0
1.3834,0,0,0,0,80,20,Wander,0, 0,0,100,477,1.5e-07,-3,-4.0413,1,457.437,0,0
1.40028,0,0,0,0,80,20,Wander,0, 0,0,100,477,1.5e-07,-3,-4.0413,1,457.437,0,0
1.41703,0,0,0,0,80,20,Wander,0, 0,0,100,477,1.5e-07,-3,-4.0413,1,457.437,0,0
1.43372,0,0,0,0,80,20,Wander,0, 0,0,100,477,1.5e-07,-3,-4.0413,1,457.437,0,0
1.45051,0,0,0,0,80,20,Wander,0, 0,0,100,477,1.5e-07,-3,-4.0413,1,457.437,0,0
1.46727,0,0,0,0,80,20,Wander,0, 0,0,100,477,1.5e-07,-3,-4.0413,1,457.437,0,0
1.48403,0,0,0,0,80,20,Wander,0, 0,0,100,477,1.5e-07,-3,-4.0413,1,457.437,0,0
1.5009,0,0,0,0,80,20,Wander,0, 0,0,100,477,1.5e-07,-3,-4.0413,1,457.437,0,0
1.51775,0,0,0,0,80,20,Wander,0, 0,0,100,477,1.5e-07,-3,-4.0413,1,457.437,0,0
1.5432,0,0,0,0,80,20.5031,Seek,2.51535e-08, 0.50307,0.16769,100,474,1.38443e-07,-3,-4.18188,1,453.938,0,0
1.55108,0,0,0,0,80,20.5031,Seek,2.51535e-08, 0.50307,0.16769,100,474,1.38443e-07,-3,-4.18188,1,453.938,0,0
1.57564,0,0,0,0,80,21.4238,Seek,4.66853e-08, 0.920756,0.333848,100,471,1.30044e-07,-3,-4.32118,1,450.021,0,0
1.58464,0,0,0,0,80,21.4238,Seek,4.66853e-08, 0.920756,0.333848,100,471,1.30044e-07,-3,-4.32118,1,450.021,0,0
1.60934,0,0,0,0,80,22.6939,Seek,6.59731e-08, 1.27006,0.4996,100,468,1.24455e-07,-3,-4.46014,1,445.755,0,0
1.6182,0,0,0,0,80,22.6939,Seek,6.59731e-08, 1.27006,0.4996,100,468,1.24455e-07,-3,-4.46014,1,445.755,0,0
1.64297,0,0,0,0,80,24.2542,Seek,8.39908e-08, 1.56034,0.664046,100,465,1.2155e-07,-3,-4.598,1,441.199,0,0
1.65177,0,0,0,0,80,24.2542,Seek,8.39908e-08, 1.56034,0.664046,100,465,1.2155e-07,-3,-4.598,1,441.199,0,0
1.67603,0,0,0,0,80,26.056,Seek,1.01856e-07, 1.80176,0.827282,100,462,1.2129e-07,-3,-4.73485,1,436.403,0,0
1.6853,0,0,0,0,80,26.056,Seek,1.01856e-07, 1.80176,0.827282,100,462,1.2129e-07,-3,-4.73485,1,436.403,0,0
1.71008,0,0,0,0,80,28.0586,Seek,1.20843e-07, 2.00258,0.989331,100,459,1.23816e-07,-3,-4.8707,1,431.405,0,0
1.71885,0,0,0,0,80,28.0586,Seek,1.20843e-07, 2.00258,0.989331,100,459,1.23816e-07,-3,-4.8707,1,431.405,0,0
1.74364,0,0,0,0,80,30.2284,Seek,1.42709e-07, 2.16986,1.1504,100,456,1.29532e-07,-3,-5.00574,1,426.241,0,0
1.7524,0,0,0,0,80,30.2284,Seek,1.42709e-07, 2.16986,1.1504,100,456,1.29532e-07,-3,-5.00574,1,426.241,0,0
1.77732,0,0,0,0,80.227,32.4833,Seek,0.22695, 2.25487,1.31031,100,453,1.39248e-07,-3,-5.13979,1,420.981,0,0
1.78595,0,0,0,0,80.227,32.4833,Seek,0.22695, 2.25487,1.31031,100,453,1.39248e-07,-3,-5.13979,1,420.981,0,0
1.81034,0,0,0,0,80.4117,34.8632,Seek,0.184709, 2.37991,1.46934,100,450,1.54608e-07,-3,-5.27312,1,415.599,0,0
1.81949,0,0,0,0,80.4117,34.8632,Seek,0.184709, 2.37991,1.46934,100,450,1.54608e-07,-3,-5.27312,1,415.599,0,0
1.84388,0,0,0,0,80.5572,37.3469,Seek,0.145548, 2.48369,1.62697,100,447,1.78958e-07,-3,-5.40527,1,410.114,0,0
1.85386,0,0,0,0,80.5572,37.3469,Seek,0.145548, 2.48369,1.62697,100,447,1.78958e-07,-3,-5.40527,1,410.114,0,0
1.8786,0,0,0,0,80.6651,39.9192,Seek,0.107846, 2.57229,1.78769,100,444,1.67294e-07,-3,-5.54001,1,404.543,0,0
1.88959,0,0,0,0,80.6651,39.9192,Seek,0.107846, 2.57229,1.78769,100,444,1.67294e-07,-3,-5.54001,1,404.543,0,0
1.91457,0,0,0,0,80.7359,42.5676,Seek,0.0708504, 2.64838,1.95351,100,441,1.59741e-07,-3,-5.67902,1,398.898,0,0
1.92462,0,0,0,0,80.7359,42.5676,Seek,0.0708504, 2.64838,1.95351,100,441,1.59741e-07,-3,-5.67902,1,398.898,0,0
1.94983,0,0,0,0,80.7721,45.2772,Seek,0.0362128, 2.70962,2.11529,100,438,1.56778e-07,-3,-5.81465,1,393.193,0,0
1.9619,0,0,0,0,80.7721,45.2772,Seek,0.0362128, 2.70962,2.11529,100,438,1.56778e-07,-3,-5.81465,1,393.193,0,0
1.98731,0,0,0,0,80.7724,48.0401,Seek,0.000241298, 2.76288,2.28561,100,435,1.58618e-07,-3,-5.92718,1,387.437,0,0
1.99645,0,0,0,0,80.7724,48.0401,Seek,0.000241298, 2.76288,2.28561,100,435,1.58618e-07,-3,-5.92718,1,387.437,0,0
2.02175,0,0,0,0,80.7391,50.8429,Seek,-0.0332425, 2.80282,2.44277,100,432,1.65776e-07,-3,-5.99,1,381.643,0,0
2.03042,0,0,0,0,80.7391,50.8429,Seek,-0.0332425, 2.80282,2.44277,100,432,1.65776e-07,-3,-5.99,1,381.643,0,0
2.05619,0,0,0,0,80.9333,53.6284,Seek,0.194189, 2.78552,2.59603,100,429,1.80082e-07,-3,-6.01057,1,375.855,0,0
2.0653,0,0,0,0,80.9333,53.6284,Seek,0.194189, 2.78552,2.59603,100,429,1.80082e-07,-3,-6.01057,1,375.855,0,0
2.09269,0,0,0,0,81.0752,56.451,Seek,0.141843, 2.82258,2.75225,100,426.052,2.00986e-07,-2.94771,-5.98962,1,370.086,0,0
2.10303,0,0,0,0,81.0752,56.451,Seek,0.141843, 2.82258,2.75225,100,426.052,2.00986e-07,-2.94771,-5.98962,1,370.086,0,0
2.12775,0,0,0,0,81.1644,59.3065,Seek,0.0892441, 2.85548,2.92022,100,423.095,1.84785e-07,-2.95758,-5.92188,1,364.276,0,0
2.1388,0,0,0,0,81.1644,59.3065,Seek,0.0892441, 2.85548,2.92022,100,423.095,1.84785e-07,-2.95758,-5.92188,1,364.276,0,0
2.16329,0,0,0,0,81.2075,62.187,Seek,0.0431266, 2.88048,3.07822,100,420.13,1.74966e-07,-2.96517,-5.81578,1,358.436,0,0
2.17404,0,0,0,0,81.2075,62.187,Seek,0.0431266, 2.88048,3.07822,100,420.13,1.74966e-07,-2.96517,-5.81578,1,358.436,0,0
2.19956,0,0,0,0,81.2073,65.0873,Wander,-0.000196338, 2.90032,3.23263,100,417.158,1.704e-07,-2.9713,-5.67113,1,352.572,0,0
2.2134,0,0,0,0,81.2073,65.0873,Wander,-0.000196338, 2.90032,3.23263,100,417.158,1.704e-07,-2.9713,-5.67113,1,352.572,0,0
2.23771,0,0,0,0,81.1596,68.0053,Wander,-0.047752, 2.91799,3.40381,100,414.181,1.71273e-07,-2.97694,-5.46617,1,346.688,0,0
2.24785,0,0,0,0,81.1596,68.0053,Wander,-0.047752, 2.91799,3.40381,100,414.181,1.71273e-07,-2.97694,-5.46617,1,346.688,0,0
2.27286,0,0,0,0,81.0703,70.935,Wander,-0.0892763, 2.92973,3.55269,100,411.2,1.78214e-07,-2.98092,-5.25613,1,340.792,0,0
2.2828,0,0,0,0,81.0703,70.935,Wander,-0.0892763, 2.92973,3.55269,100,411.2,1.78214e-07,-2.98092,-5.25613,1,340.792,0,0
2.3081,0,0,0,0,81.2189,73.8275,Wander,0.148575, 2.89253,3.69376,100,408.216,1.9387e-07,-2.98425,-5.04474,1,334.916,0,0
2.31937,0,0,0,0,81.2189,73.8275,Wander,0.148575, 2.89253,3.69376,100,408.216,1.9387e-07,-2.98425,-5.04474,1,334.916,0,0
2.34352,0,0,0,0,81.3148,76.7391,Wander,0.095888, 2.91159,3.84959,100,405.327,2.13277e-07,-2.88927,-4.82499,1,329.119,0,0
2.35354,0,0,0,0,81.3148,76.7391,Wander,0.095888, 2.91159,3.84959,100,405.327,2.13277e-07,-2.88927,-4.82499,1,329.119,0,0
2.37826,0,0,0,0,81.3653,79.665,Wander,0.0505414, 2.92589,3.99426,100,402.419,1.97062e-07,-2.90821,-4.62099,1,323.291,0,0
2.38836,0,0,0,0,81.3653,79.665,Wander,0.0505414, 2.92589,3.99426,100,402.419,1.97062e-07,-2.90821,-4.62099,1,323.291,0,0
2.41273,0,0,0,0,81.3719,82.6027,Wander,0.00659376, 2.93766,4.14108,100,399.494,1.86011e-07,-2.92425,-4.41395,1,317.439,0,0
2.42359,0,0,0,0,81.3719,82.6027,Wander,0.00659376, 2.93766,4.14108,100,399.494,1.86011e-07,-2.92425,-4.41395,1,317.439,0,0
2.44838,0,0,0,0,81.3359,85.5496,Wander,-0.0360014, 2.94698,4.28768,100,396.557,1.80367e-07,-2.93756,-4.20723,1,311.567,0,0
2.45907,0,0,0,0,81.3359,85.5496,Wander,-0.0360014, 2.94698,4.28768,100,396.557,1.80367e-07,-2.93756,-4.20723,1,311.567,0,0
2.48399,0,0,0,0,81.2573,88.5038,Wander,-0.0785713, 2.95412,4.43453,100,393.608,1.80514e-07,-2.94862,-4.00015,1,305.68,0,0
2.49404,0,0,0,0,81.2573,88.5038,Wander,-0.0785713, 2.95412,4.43453,100,393.608,1.80514e-07,-2.94862,-4.00015,1,305.68,0,0
2.51381,0,0,0,0,81.6701,90.7247,Wander,0.412779, 2.22097,4.22869,100,390.651,1.87497e-07,-2.95761,-3.79735,2,300.485,0,0
2.52769,0,0,0,0,81.6701,90.7247,Wander,0.412779, 2.22097,4.22869,100,390.651,1.87497e-07,-2.95761,-3.79735,2,300.485,0,0
2.54522,0,0,0,0,82.449,92.3173,Wander,0.778867, 1.5926,4.03205,100,387.686,2.03337e-07,-2.96474,-3.60361,2,295.89,0,0
2.56119,0,0,0,0,82.449,92.3173,Wander,0.778867, 1.5926,4.03205,100,387.686,2.03337e-07,-2.96474,-3.60361,2,295.89,0,0
2.57884,0,0,0,0,83.509,93.354,Wander,1.06, 1.03663,3.83734,100,384.832,2.19544e-07,-2.85425,-3.41177,2,291.944,0,0
2.59476,0,0,0,0,83.509,93.354,Wander,1.06, 1.03663,3.83734,100,384.832,2.19544e-07,-2.85425,-3.41177,2,291.944,0,0
2.61242,0,0,0,0,84.7828,93.8987,Wander,1.27385, 0.544743,3.64334,100,381.953,2.02938e-07,-2.87876,-3.22063,2,288.456,0,0
2.6284,0,0,0,0,84.7828,93.8987,Wander,1.27385, 0.544743,3.64334,100,381.953,2.02938e-07,-2.87876,-3.22063,2,288.456,0,0
2.6459,0,0,0,0,86.2143,94.0133,Wander,1.43151, 0.114602,3.45142,100,379.054,1.91836e-07,-2.89907,-3.03155,2,285.374,0,0
2.66191,0,0,0,0,86.2143,94.0133,Wander,1.43151, 0.114602,3.45142,100,379.054,1.91836e-07,-2.89907,-3.03155,2,285.374,0,0
2.67955,0,0,0,0,87.7589,93.7491,Wander,1.54455, -0.264198,3.2601,100,376.138,1.86055e-07,-2.91604,-2.84305,2,282.654,0,0
2.6955,0,0,0,0,87.7589,93.7491,Wander,1.54455, -0.264198,3.2601,100,376.138,1.86055e-07,-2.91604,-2.84305,2,282.654,0,0
2.71307,0,0,0,0,89.3789,93.1537,Wander,1.62001, -0.595389,3.07068,100,373.208,1.86029e-07,-2.93011,-2.65642,2,280.255,0,0
2.72905,0,0,0,0,89.3789,93.1537,Wander,1.62001, -0.595389,3.07068,100,373.208,1.86029e-07,-2.93011,-2.65642,2,280.255,0,0
2.74662,0,0,0,0,91.0433,92.2667,Wander,1.66441, -0.887047,2.88233,100,370.266,1.92925e-07,-2.94183,-2.47085,2,278.143,0,0
2.76259,0,0,0,0,91.0433,92.2667,Wander,1.66441, -0.887047,2.88233,100,370.266,1.92925e-07,-2.94183,-2.47085,2,278.143,0,0
2.78021,0,0,0,0,92.7253,91.1221,Wander,1.68196, -1.14458,2.69531,100,367.314,2.09578e-07,-2.95159,-2.28659,2,276.288,0,0
2.7961,0,0,0,0,92.7253,91.1221,Wander,1.68196, -1.14458,2.69531,100,367.314,2.09578e-07,-2.95159,-2.28659,2,276.288,0,0
2.81368,0,0,0,0,94.4005,89.7485,Wander,1.67529, -1.37361,2.50957,100,364.49,2.24738e-07,-2.82461,-2.1036,2,274.798,0,0
2.82968,0,0,0,0,94.4005,89.7485,Wander,1.67529, -1.37361,2.50957,100,364.49,2.24738e-07,-2.82461,-2.1036,2,274.798,0,0
2.84719,0,0,0,0,96.0455,88.169,Wander,1.64494, -1.57943,2.32511,100,361.636,2.076e-07,-2.85401,-1.92186,2,273.495,0,0
2.86314,0,0,0,0,96.0455,88.169,Wander,1.64494, -1.57943,2.32511,100,361.636,2.076e-07,-2.85401,-1.92186,2,273.495,0,0
2.88071,0,0,0,0,97.9132,86.9197,Wander,1.86773, -1.24938,2.14196,100,358.757,1.96048e-07,-2.87847,-1.74141,2,271.845,0,0
2.8967,0,0,0,0,97.9132,86.9197,Wander,1.86773, -1.24938,2.14196,100,358.757,1.96048e-07,-2.87847,-1.74141,2,271.845,0,0
2.91444,0,0,0,0,99.9559,86.0054,Wander,2.04271, -0.9143,1.95918,100,358.757,1.96048e-07,-2.87847,-1.74141,2,272.752,0,0
2.93037,0,0,0,0,99.9559,86.0054,Wander,2.04271, -0.9143,1.95918,100,358.757,1.96048e-07,-2.87847,-1.74141,2,272.752,0,0
2.94828,0,0,0,0,102.124,85.4302,Wander,2.16759, -0.57516,1.77839,100.165,355.886,0.165188,-2.87095,-1.56209,2,270.463,0,0
2.964,0,0,0,0,102.124,85.4302,Wander,2.16759, -0.57516,1.77839,100.165,355.886,0.165188,-2.87095,-1.56209,2,270.463,0,0
2.98139,0,0,0,0,104.409,84.8051,Wander,2.28589, -0.625108,1.59813,100.482,353.026,0.316701,-2.85975,-1.38328,2,268.25,0,0
2.99761,0,0,0,0,104.409,84.8051,Wander,2.28589, -0.625108,1.59813,100.482,353.026,0.316701,-2.85975,-1.38328,2,268.25,0,0
3.01512,0,0,0,0,106.793,84.1365,Wander,2.38359, -0.668574,1.41922,100.938,350.181,0.456156,-2.84507,-1.20582,2,266.109,0,0
3.03117,0,0,0,0,106.793,84.1365,Wander,2.38359, -0.668574,1.41922,100.938,350.181,0.456156,-2.84507,-1.20582,2,266.109,0,0
3.04853,0,0,0,0,109.257,83.4297,Wander,2.46391, -0.706798,1.24213,101.524,347.354,0.585649,-2.82692,-1.03015,2,264.038,0,0
3.06471,0,0,0,0,109.257,83.4297,Wander,2.46391, -0.706798,1.24213,101.524,347.354,0.585649,-2.82692,-1.03015,2,264.038,0,0
3.08209,0,0,0,0,111.787,82.6884,Wander,2.53001, -0.74129,1.06602,102.232,344.549,0.708287,-2.8049,-0.855466,2,262.035,0,0
3.09828,0,0,0,0,111.787,82.6884,Wander,2.53001, -0.74129,1.06602,102.232,344.549,0.708287,-2.8049,-0.855466,2,262.035,0,0
3.11561,1,0,0,0,111.787,82.6884,Eat Fruit,0, 0,0,103.058,341.771,0.826443,-2.77833,-0.682049,2,259.23,0,0
3.13178,1,0,0,0,111.787,82.6884,Eat Fruit,0, 0,0,103.058,341.771,0.826443,-2.77833,-0.682049,2,259.23,0,0
3.14973,1,0,0,0,111.787,82.6884,Wander,0, 0,0,104.002,339.025,0.943195,-2.74582,-0.510082,2,256.455,0,0
3.16527,1,0,0,0,111.787,82.6884,Wander,0, 0,0,104.002,339.025,0.943195,-2.74582,-0.510082,2,256.455,0,0
3.1825,1,0,0,0,111.787,82.6884,Wander,0, 0,0,104.889,336.247,0.886904,-2.778,-0.339154,2,253.653,0,0
3.19877,1,0,0,0,111.787,82.6884,Wander,0, 0,0,104.889,336.247,0.886904,-2.778,-0.339154,2,253.653,0,0
3.21606,1,0,0,0,111.787,82.6884,Wander,0, 0,0,105.723,333.441,0.834381,-2.80593,-0.169316,2,250.826,0,0
3.2323,1,0,0,0,111.787,82.6884,Wander,0, 0,0,105.723,333.441,0.834381,-2.80593,-0.169316,2,250.826,0,0
3.24959,1,0,0,0,111.787,82.6884,Wander,0, 0,0,106.508,330.611,0.784693,-2.83034,-0.000253394,2,247.979,0,0
3.26585,1,0,0,0,111.787,82.6884,Wander,0, 0,0,106.508,330.611,0.784693,-2.83034,-0.000253394,2,247.979,0,0
3.28308,1,0,0,0,111.787,82.6884,Wander,0, 0,0,107.245,327.759,0.737221,-2.85169,0.167193,2,245.113,0,0
3.29936,1,0,0,0,111.787,82.6884,Wander,0, 0,0,107.245,327.759,0.737221,-2.85169,0.167193,2,245.113,0,0
3.31665,1,0,0,0,111.787,82.6884,Wander,0, 0,0,107.936,324.889,0.690773,-2.87059,0.333568,2,242.231,0,0
3.33287,1,0,0,0,111.787,82.6884,Wander,0, 0,0,107.936,324.889,0.690773,-2.87059,0.333568,2,242.231,0,0
3.35043,1,0,0,0,111.787,82.6884,Wander,0, 0,0,108.579,322.001,0.64385,-2.88759,0.499657,2,239.334,0,0
3.36646,1,0,0,0,111.787,82.6884,Wander,0, 0,0,108.579,322.001,0.64385,-2.88759,0.499657,2,239.334,0,0
3.38378,1,0,0,0,111.787,82.6884,Wander,0, 0,0,109.175,319.098,0.595082,-2.90293,0.663775,2,236.424,0,0
3.40013,1,0,0,0,111.787,82.6884,Wander,0, 0,0,109.175,319.098,0.595082,-2.90293,0.663775,2,236.424,0,0
3.41737,1,0,0,0,111.787,82.6884,Wander,0, 0,0,109.684,316.179,0.509464,-2.91902,0.827193,2,233.5,0,0
3.43371,1,0,0,0,111.787,82.6884,Wander,0, 0,0,109.684,316.179,0.509464,-2.91902,0.827193,2,233.5,0,0
3.45104,1,0,0,0,111.787,82.6884,Wander,0, 0,0,110.114,313.247,0.429801,-2.93262,0.989953,2,230.564,0,0
3.46728,1,0,0,0,111.787,82.6884,Wander,0, 0,0,110.114,313.247,0.429801,-2.93262,0.989953,2,230.564,0,0
3.48501,1,0,0,0,111.787,82.6884,Wander,0, 0,0,110.469,310.303,0.354868,-2.94397,1.15186,2,227.618,0,0
3.50096,1,0,0,0,111.787,82.6884,Wander,0, 0,0,110.469,310.303,0.354868,-2.94397,1.15186,2,227.618,0,0
3.52152,1,0,0,0,111.787,82.6884,Wander,0, 0,0,110.752,307.35,0.283765,-2.95323,1.31179,3,224.663,0,0
3.53451,1,0,0,0,111.787,82.6884,Wander,0, 0,0,110.752,307.35,0.283765,-2.95323,1.31179,3,224.663,0,0
3.55178,1,0,0,0,111.787,82.6884,Wander,0, 0,0,110.967,304.389,0.214322,-2.96061,1.47083,3,221.702,0,0
3.56811,1,0,0,0,111.787,82.6884,Wander,0, 0,0,110.967,304.389,0.214322,-2.96061,1.47083,3,221.702,0,0
3.5856,1,0,0,0,111.787,82.6884,Wander,0, 0,0,111.111,301.423,0.144579,-2.96609,1.62883,3,218.735,0,0
3.60169,1,0,0,0,111.787,82.6884,Wander,0, 0,0,111.111,301.423,0.144579,-2.96609,1.62883,3,218.735,0,0
3.61924,1,0,0,0,111.787,82.6884,Wander,0, 0,0,111.183,298.453,0.0715253,-2.96941,1.7858,3,215.766,0,0
3.63534,1,0,0,0,111.787,82.6884,Wander,0, 0,0,111.183,298.453,0.0715253,-2.96941,1.7858,3,215.766,0,0
3.65275,1,0,0,0,111.787,82.6884,Wander,0, 0,0,111.221,295.479,0.0385476,-2.97412,1.94193,3,212.792,0,0
3.66891,1,0,0,0,111.787,82.6884,Wander,0, 0,0,111.221,295.479,0.0385476,-2.97412,1.94193,3,212.792,0,0
3.68623,1,0,0,0,111.787,82.6884,Wander,0, 0,0,111.229,292.501,0.00790075,-2.9779,2.09707,3,209.814,0,0
3.70256,1,0,0,0,111.787,82.6884,Wander,0, 0,0,111.229,292.501,0.00790075,-2.9779,2.09707,3,209.814,0,0
3.71987,1,0,0,0,111.787,82.6884,Wander,0, 0,0,111.208,289.521,-0.0209161,-2.98086,2.25096,3,206.833,0,0
3.73622,1,0,0,0,111.787,82.6884,Wander,0, 0,0,111.208,289.521,-0.0209161,-2.98086,2.25096,3,206.833,0,0
3.75338,1,0,0,0,111.787,82.6884,Wander,0, 0,0,111.16,286.537,-0.0485847,-2.98311,2.40407,3,203.85,0,0
3.76973,1,0,0,0,111.787,82.6884,Wander,0, 0,0,111.16,286.537,-0.0485847,-2.98311,2.40407,3,203.85,0,0
3.78736,1,0,0,0,111.787,82.6884,Wander,0, 0,0,111.084,283.553,-0.0756551,-2.98471,2.55576,3,200.865,0,0
3.80327,1,0,0,0,111.787,82.6884,Wander,0, 0,0,111.084,283.553,-0.0756551,-2.98471,2.55576,3,200.865,0,0
3.82049,1,0,0,0,111.787,82.6884,Wander,0, 0,0,110.981,280.567,-0.10304,-2.98567,2.70606,3,197.88,0,0
3.8368,1,0,0,0,111.787,82.6884,Wander,0, 0,0,110.981,280.567,-0.10304,-2.98567,2.70606,3,197.88,0,0
3.85395,1,0,0,0,111.787,82.6884,Wander,0, 0,0,110.849,277.581,-0.132268,-2.98592,2.8556,3,194.895,0,0
3.87035,1,0,0,0,111.787,82.6884,Wander,0, 0,0,110.849,277.581,-0.132268,-2.98592,2.8556,3,194.895,0,0
3.88741,1,0,0,0,111.787,82.6884,Wander,0, 0,0,110.723,274.593,-0.125571,-2.98804,3.00397,3,191.908,0,0
3.9039,1,0,0,0,111.787,82.6884,Wander,0, 0,0,110.723,274.593,-0.125571,-2.98804,3.00397,3,191.908,0,0
3.92102,1,0,0,0,111.787,82.6884,Wander,0, 0,0,110.604,271.603,-0.11929,-2.98983,3.1518,3,188.918,0,0
3.93745,1,0,0,0,111.787,82.6884,Wander,0, 0,0,110.604,271.603,-0.11929,-2.98983,3.1518,3,188.918,0,0
3.95463,1,0,0,0,111.787,82.6884,Wander,0, 0,0,110.491,268.612,-0.11334,-2.99134,3.29848,3,185.928,0,0
3.97105,1,0,0,0,111.787,82.6884,Wander,0, 0,0,110.491,268.612,-0.11334,-2.99134,3.29848,3,185.928,0,0
3.98812,1,0,0,0,111.787,82.6884,Wander,0, 0,0,110.383,265.619,-0.10759,-2.99262,3.44407,3,182.936,0,0
4.00455,1,0,0,0,111.787,82.6884,Wander,0, 0,0,110.383,265.619,-0.10759,-2.99262,3.44407,3,182.936,0,0
4.02177,1,0,0,0,111.787,82.6884,Wander,0, 0,0,110.281,262.626,-0.101865,-2.99371,3.58908,3,179.943,0,0
4.03821,1,0,0,0,111.787,82.6884,Wander,0, 0,0,110.281,262.626,-0.101865,-2.99371,3.58908,3,179.943,0,0
4.05534,1,0,0,0,111.787,82.6884,Wander,0, 0,0,110.185,259.631,-0.095977,-2.99464,3.73287,3,176.95,0,0
4.07183,1,0,0,0,111.787,82.6884,Wander,0, 0,0,110.185,259.631,-0.095977,-2.99464,3.73287,3,176.95,0,0
4.08888,1,0,0,0,111.787,82.6884,Wander,0, 0,0,110.102,256.635,-0.0830098,-2.99553,3.8757,3,173.955,0,0
4.10541,1,0,0,0,111.787,82.6884,Wander,0, 0,0,110.102,256.635,-0.0830098,-2.99553,3.8757,3,173.955,0,0
4.12252,1,0,0,0,111.787,82.6884,Wander,0, 0,0,110.031,253.639,-0.070986,-2.99628,4.0178,3,170.96,0,0
4.13898,1,0,0,0,111.787,82.6884,Wander,0, 0,0,110.031,253.639,-0.070986,-2.99628,4.0178,3,170.96,0,0
4.15611,1,0,0,0,111.787,82.6884,Wander,0, 0,0,109.971,250.642,-0.059734,-2.9969,4.15869,3,167.964,0,0
4.17257,1,0,0,0,111.787,82.6884,Wander,0, 0,0,109.971,250.642,-0.059734,-2.9969,4.15869,3,167.964,0,0
4.18965,1,0,0,0,111.787,82.6884,Wander,0, 0,0,109.922,247.645,-0.0490149,-2.99742,4.29858,3,164.967,0,0
4.2061,1,0,0,0,111.787,82.6884,Wander,0, 0,0,109.922,247.645,-0.0490149,-2.99742,4.29858,3,164.967,0,0
4.22325,1,0,0,0,111.787,82.6884,Wander,0, 0,0,109.884,244.647,-0.0385656,-2.99785,4.43769,3,161.97,0,0
4.23973,1,0,0,0,111.787,82.6884,Wander,0, 0,0,109.884,244.647,-0.0385656,-2.99785,4.43769,3,161.97,0,0
4.2568,1,0,0,0,111.787,82.6884,Wander,0, 0,0,109.856,241.649,-0.0281056,-2.9982,4.57569,3,158.972,0,0
4.27331,1,0,0,0,111.787,82.6884,Wander,0, 0,0,109.856,241.649,-0.0281056,-2.9982,4.57569,3,158.972,0,0
4.29041,1,0,0,0,111.787,82.6884,Wander,0, 0,0,109.839,238.65,-0.0171477,-2.99846,4.7129,3,155.974,0,0
4.30694,1,0,0,0,111.787,82.6884,Wander,0, 0,0,109.839,238.65,-0.0171477,-2.99846,4.7129,3,155.974,0,0
4.32397,0,0,0,2.96639,111.787,82.6884,Dance,0, 0,-0.840275,109.827,235.652,-0.0114265,-2.99871,4.82532,2,152.976,0,0
4.34045,0,0,0,2.96639,111.787,82.6884,Dance,0, 0,-0.840275,109.827,235.652,-0.0114265,-2.99871,4.82532,2,152.976,0,0
4.35874,0,0,0,2.93291,111.787,82.6884,Wander,0, 0,-0.751689,109.821,232.653,-0.00613055,-2.99892,4.90466,2,149.977,0,0
4.37394,0,0,0,2.93291,111.787,82.6884,Wander,0, 0,-0.751689,109.821,232.653,-0.00613055,-2.99892,4.90466,2,149.977,0,0
4.39097,0,0,0,2.89939,111.787,82.6884,Wander,0, 0,-0.658574,109.82,229.654,-0.00113263,-2.99908,4.95112,2,146.978,0,0
4.40744,0,0,0,2.89939,111.787,82.6884,Wander,0, 0,-0.658574,109.82,229.654,-0.00113263,-2.99908,4.95112,2,146.978,0,0
4.42454,0,0,0,2.86582,111.787,82.6884,Wander,0, 0,-0.561495,109.824,226.654,0.00367111,-2.99921,4.96459,2,143.979,0,0
4.44103,0,0,0,2.86582,111.787,82.6884,Wander,0, 0,-0.561495,109.824,226.654,0.00367111,-2.99921,4.96459,2,143.979,0,0
4.45809,0,0,0,2.83227,111.787,82.6884,Wander,0, 0,-0.461384,109.832,223.655,0.00838418,-2.99932,4.9452,2,140.98,0,0
4.47461,0,0,0,2.83227,111.787,82.6884,Wander,0, 0,-0.461384,109.832,223.655,0.00838418,-2.99932,4.9452,2,140.98,0,0
4.49174,0,0,0,2.79863,111.787,82.6884,Wander,0, 0,-0.358543,109.845,220.656,0.0131824,-2.99939,4.89326,2,137.981,0,0
4.50821,0,0,0,2.79863,111.787,82.6884,Wander,0, 0,-0.358543,109.845,220.656,0.0131824,-2.99939,4.89326,2,137.981,0,0
4.5273,0,0,0,2.76512,111.787,82.6884,Wander,0, 0,-0.254411,109.863,217.656,0.0182755,-2.99944,4.80995,3,134.981,0,0
4.54174,0,0,0,2.76512,111.787,82.6884,Wander,0, 0,-0.254411,109.863,217.656,0.0182755,-2.99944,4.80995,3,134.981,0,0
4.55876,0,0,0,2.73155,111.787,82.6884,Wander,0, 0,-0.149084,109.881,214.657,0.0176941,-2.99953,4.69107,3,131.982,0,0
4.57535,0,0,0,2.73155,111.787,82.6884,Wander,0, 0,-0.149084,109.881,214.657,0.0176941,-2.99953,4.69107,3,131.982,0,0
4.59226,0,0,0,2.69804,111.787,82.6884,Wander,0, 0,-0.043617,109.898,211.657,0.0171522,-2.9996,4.54167,3,128.982,0,0
4.60881,0,0,0,2.69804,111.787,82.6884,Wander,0, 0,-0.043617,109.898,211.657,0.0171522,-2.9996,4.54167,3,128.982,0,0
4.6258,0,0,0,2.66451,111.787,82.6884,Wander,0, 0,0.061451,109.915,208.657,0.0166386,-2.99966,4.36275,3,125.983,0,0
4.64233,0,0,0,2.66451,111.787,82.6884,Wander,0, 0,0.061451,109.915,208.657,0.0166386,-2.99966,4.36275,3,125.983,0,0
4.6593,0,0,0,2.63101,111.787,82.6884,Wander,0, 0,0.165347,109.931,205.658,0.0161425,-2.99972,4.16599,3,122.983,0,0
4.67583,0,0,0,2.63101,111.787,82.6884,Wander,0, 0,0.165347,109.931,205.658,0.0161425,-2.99972,4.16599,3,122.983,0,0
4.69276,0,0,0,2.59753,111.787,82.6884,Wander,0, 0,0.267344,109.947,202.658,0.0156507,-2.99976,3.97073,3,119.984,0,0
4.70938,0,0,0,2.59753,111.787,82.6884,Wander,0, 0,0.267344,109.947,202.658,0.0156507,-2.99976,3.97073,3,119.984,0,0
4.72629,0,0,0,2.56401,111.787,82.6884,Wander,0, 0,0.367011,109.962,199.658,0.0151436,-2.99979,3.7765,3,116.984,0,0
4.74286,0,0,0,2.56401,111.787,82.6884,Wander,0, 0,0.367011,109.962,199.658,0.0151436,-2.99979,3.7765,3,116.984,0,0
4.75976,0,0,0,2.53051,111.787,82.6884,Wander,0, 0,0.463503,109.975,196.658,0.0132527,-2.99983,3.58366,3,113.984,0,0
4.77636,0,0,0,2.53051,111.787,82.6884,Wander,0, 0,0.463503,109.975,196.658,0.0132527,-2.99983,3.58366,3,113.984,0,0
4.7933,0,0,0,2.49696,111.787,82.6884,Wander,0, 0,0.556365,109.987,193.658,0.0114991,-2.99986,3.39187,3,110.985,0,0
4.80992,0,0,0,2.49696,111.787,82.6884,Wander,0, 0,0.556365,109.987,193.658,0.0114991,-2.99986,3.39187,3,110.985,0,0
4.82688,0,0,0,2.46338,111.787,82.6884,Wander,0, 0,0.644931,109.996,190.659,0.0098535,-2.99988,3.20123,3,107.985,0,0
4.84347,0,0,0,2.46338,111.787,82.6884,Wander,0, 0,0.644931,109.996,190.659,0.0098535,-2.99988,3.20123,3,107.985,0,0
4.86039,0,0,0,2.42987,111.787,82.6884,Wander,0, 0,0.728417,110.005,187.659,0.0082881,-2.9999,3.01222,3,104.985,0,0
4.87697,0,0,0,2.42987,111.787,82.6884,Wander,0, 0,0.728417,110.005,187.659,0.0082881,-2.9999,3.01222,3,104.985,0,0
4.89385,0,0,0,2.39639,111.787,82.6884,Wander,0, 0,0.806385,110.012,184.659,0.00676518,-2.99992,2.82466,3,101.986,0,0
4.91051,0,0,0,2.39639,111.787,82.6884,Wander,0, 0,0.806385,110.012,184.659,0.00676518,-2.99992,2.82466,3,101.986,0,0
4.92747,0,0,0,2.36279,111.787,82.6884,Wander,0, 0,0.8787,110.017,181.659,0.00523191,-2.99993,2.63766,3,98.9862,0,0
4.94405,0,0,0,2.36279,111.787,82.6884,Wander,0, 0,0.8787,110.017,181.659,0.00523191,-2.99993,2.63766,3,98.9862,0,0
4.96102,0,0,0,2.32923,111.787,82.6884,Wander,0, 0,0.94454,110.02,178.659,0.00362997,-2.99994,2.45216,3,95.9867,0,0
4.97778,0,0,0,2.32923,111.787,82.6884,Wander,0, 0,0.94454,110.02,178.659,0.00362997,-2.99994,2.45216,3,95.9867,0,0
4.99466,0,0,0,2.29555,111.787,82.6884,Wander,0, 0,1.00381,110.023,175.659,0.00265898,-2.99995,2.26722,3,92.9872,0,0
5.01133,0,0,0,2.29555,111.787,82.6884,Wander,0, 0,1.00381,110.023,175.659,0.00265898,-2.99995,2.26722,3,92.9872,0,0
5.02834,0,0,0,2.26189,111.787,82.6884,Wander,0, 0,1.0559,110.025,172.659,0.00175761,-2.99996,2.08365,3,89.9877,0,0
5.04504,0,0,0,2.26189,111.787,82.6884,Wander,0, 0,1.0559,110.025,172.659,0.00175761,-2.99996,2.08365,3,89.9877,0,0
5.06189,0,0,0,2.22832,111.787,82.6884,Wander,0, 0,1.10038,110.026,169.659,0.00091128,-2.99997,1.90185,3,86.9883,0,0
5.07859,0,0,0,2.22832,111.787,82.6884,Wander,0, 0,1.10038,110.026,169.659,0.00091128,-2.99997,1.90185,3,86.9883,0,0
5.09551,0,0,0,2.19471,111.787,82.6884,Wander,0, 0,1.13724,110.026,166.659,9.83231e-05,-2.99997,1.721,3,83.989,0,0
5.11218,0,0,0,2.19471,111.787,82.6884,Wander,0, 0,1.13724,110.026,166.659,9.83231e-05,-2.99997,1.721,3,83.989,0,0
5.12914,0,0,0,2.16108,111.787,82.6884,Wander,0, 0,1.16623,110.025,163.659,-0.000700223,-2.99998,1.54126,3,80.9897,0,0
5.1458,0,0,0,2.16108,111.787,82.6884,Wander,0, 0,1.16623,110.025,163.659,-0.000700223,-2.99998,1.54126,3,80.9897,0,0
5.16269,0,0,0,2.12753,111.787,82.6884,Wander,0, 0,1.18712,110.024,160.659,-0.00150847,-2.99998,1.36315,3,77.9905,0,0
5.17935,0,0,0,2.12753,111.787,82.6884,Wander,0, 0,1.18712,110.024,160.659,-0.00150847,-2.99998,1.36315,3,77.9905,0,0
5.19617,0,0,0,2.09407,111.787,82.6884,Wander,0, 0,1.19987,110.021,157.659,-0.00236783,-2.99998,1.18674,3,74.9914,0,0
5.21282,0,0,0,2.09407,111.787,82.6884,Wander,0, 0,1.19987,110.021,157.659,-0.00236783,-2.99998,1.18674,3,74.9914,0,0
5.22971,0,0,0,2.06049,111.787,82.6884,Wander,0, 0,1.20453,110.019,154.659,-0.0023572,-2.99998,1.01088,3,71.9923,0,0
5.24643,0,0,0,2.06049,111.787,82.6884,Wander,0, 0,1.20453,110.019,154.659,-0.0023572,-2.99998,1.01088,3,71.9923,0,0
5.26338,0,0,0,2.02682,111.787,82.6884,Wander,0, 0,1.20453,110.017,151.659,-0.00234725,-2.99999,0.835744,3,68.9934,0,0
5.28007,0,0,0,2.02682,111.787,82.6884,Wander,0, 0,1.20453,110.017,151.659,-0.00234725,-2.99999,0.835744,3,68.9934,0,0
5.297,0,0,0,1.99321,111.787,82.6884,Wander,0, 0,1.20453,110.014,148.659,-0.00233778,-2.99999,0.662071,3,65.9945,0,0
5.31368,0,0,0,1.99321,111.787,82.6884,Wander,0, 0,1.20453,110.014,148.659,-0.00233778,-2.99999,0.662071,3,65.9945,0,0
5.33056,0,0,0,1.95966,111.787,82.6884,Wander,0, 0,1.1849,110.012,145.659,-0.00232873,-2.99999,0.489857,3,62.9957,0,0
5.3472,0,0,0,1.95966,111.787,82.6884,Wander,0, 0,1.1849,110.012,145.659,-0.00232873,-2.99999,0.489857,3,62.9957,0,0
5.36407,0,0,0,1.92614,111.787,82.6884,Wander,0, 0,1.15747,110.01,142.659,-0.00231982,-2.99999,0.318958,3,59.997,0,0
5.38073,0,0,0,1.92614,111.787,82.6884,Wander,0, 0,1.15747,110.01,142.659,-0.00231982,-2.99999,0.318958,3,59.997,0,0
5.3976,0,0,0,1.89261,111.787,82.6884,Wander,0, 0,1.12246,110.007,139.659,-0.00231067,-2.99999,0.149169,3,56.9985,0,0
5.41427,0,0,0,1.89261,111.787,82.6884,Wander,0, 0,1.12246,110.007,139.659,-0.00231067,-2.99999,0.149169,3,56.9985,0,0
5.43112,0,0,0,1.85907,111.787,82.6884,Wander,0, 0,1.08015,110.005,136.659,-0.00204612,-2.99999,-0.0195213,3,54.0001,0,0
5.4478,0,0,0,1.85907,111.787,82.6884,Wander,0, 0,1.08015,110.005,136.659,-0.00204612,-2.99999,-0.0195213,3,54.0001,0,0
5.46467,0,0,0,1.8255,111.787,82.6884,Wander,0, 0,1.03083,110.003,133.659,-0.00180095,-3,-0.18723,3,51.0019,0,0
5.48137,0,0,0,1.8255,111.787,82.6884,Wander,0, 0,1.03083,110.003,133.659,-0.00180095,-3,-0.18723,3,51.0019,0,0
5.49817,0,0,0,1.792,111.787,82.6884,Wander,0, 0,0.97504,110.002,130.659,-0.00157154,-3,-0.353476,3,48.0039,0,0
5.51484,0,0,0,1.792,111.787,82.6884,Wander,0, 0,0.97504,110.002,130.659,-0.00157154,-3,-0.353476,3,48.0039,0,0
5.53437,0,0,0,1.7584,111.787,82.6884,Wander,0, 0,0.912899,110,127.659,-0.00135216,-3,-0.51911,4,45.0062,0,0
5.54844,0,0,0,1.7584,111.787,82.6884,Wander,0, 0,0.912899,110,127.659,-0.00135216,-3,-0.51911,4,45.0062,0,0
5.56527,0,0,0,1.72493,111.787,82.6884,Wander,0, 0,0.845309,109.999,124.659,-0.00113952,-3,-0.682981,4,42.0087,0,0
5.58199,0,0,0,1.72493,111.787,82.6884,Wander,0, 0,0.845309,109.999,124.659,-0.00113952,-3,-0.682981,4,42.0087,0,0
5.59898,0,0,0,1.69122,111.787,82.6884,Wander,0, 0,0.771998,109.998,121.659,-0.000924809,-3,-0.846906,4,39.0117,0,0
5.61569,0,0,0,1.69122,111.787,82.6884,Wander,0, 0,0.771998,109.998,121.659,-0.000924809,-3,-0.846906,4,39.0117,0,0
5.6326,0,0,0,1.65771,111.787,82.6884,Wander,0, 0,0.694426,109.998,118.659,-0.000701715,-3,-1.00879,4,36.0152,0,0
5.64933,0,0,0,1.65771,111.787,82.6884,Wander,0, 0,0.694426,109.998,118.659,-0.000701715,-3,-1.00879,4,36.0152,0,0
5.66624,0,0,0,1.62399,111.787,82.6884,Wander,0, 0,0.6122,109.997,115.659,-0.000543104,-3,-1.17061,4,33.0192,0,0
5.68289,0,0,0,1.62399,111.787,82.6884,Wander,0, 0,0.6122,109.997,115.659,-0.000543104,-3,-1.17061,4,33.0192,0,0
5.69986,0,0,0,1.59041,111.787,82.6884,Wander,0, 0,0.526789,109.997,112.659,-0.000396518,-3,-1.33061,4,30.0241,0,0
5.71644,0,0,0,1.59041,111.787,82.6884,Wander,0, 0,0.526789,109.997,112.659,-0.000396518,-3,-1.33061,4,30.0241,0,0
5.73335,0,0,0,1.55685,111.787,82.6884,Wander,0, 0,0.438435,109.997,109.659,-0.000258416,-3,-1.4895,4,27.03,0,0
5.74997,0,0,0,1.55685,111.787,82.6884,Wander,0, 0,0.438435,109.997,109.659,-0.000258416,-3,-1.4895,4,27.03,0,0
5.76675,0,0,0,1.5234,111.787,82.6884,Wander,0, 0,0.348034,109.996,106.659,-0.00012637,-3,-1.64679,4,24.0375,0,0
5.78345,0,0,0,1.5234,111.787,82.6884,Wander,0, 0,0.348034,109.996,106.659,-0.00012637,-3,-1.64679,4,24.0375,0,0
5.80025,0,0,0,1.48991,111.787,82.6884,Wander,0, 0,0.255818,109.996,103.659,3.62073e-06,-3,-1.80319,4,21.047,0,0
5.81692,0,0,0,1.48991,111.787,82.6884,Wander,0, 0,0.255818,109.996,103.659,3.62073e-06,-3,-1.80319,4,21.047,0,0
5.83373,0,0,0,1.45642,111.787,82.6884,Wander,0, 0,0.162484,109.997,100.659,0.000135782,-3,-1.95858,4,18.0597,0,0
5.85056,0,0,0,1.45642,111.787,82.6884,Wander,0, 0,0.162484,109.997,100.659,0.000135782,-3,-1.95858,4,18.0597,0,0
5.86738,0,0,0,1.42277,111.787,82.6884,Wander,0, 0,0.0682423,109.997,97.6591,0.000277375,-3,-2.11365,4,15.0773,0,0
5.88411,0,0,0,1.42277,111.787,82.6884,Wander,0, 0,0.0682423,109.997,97.6591,0.000277375,-3,-2.11365,4,15.0773,0,0
5.9025,0,0,0,1.38915,111.787,82.6884,Wander,0, 0,-0.0257382,110.057,94.6627,0.060107,-2.99643,-2.26755,4,12.0986,0,0
5.9177,0,0,0,1.38915,111.787,82.6884,Wander,0, 0,-0.0257382,110.057,94.6627,0.060107,-2.99643,-2.26755,4,12.0986,0,0
5.9345,0,1,1,1.35565,111.787,82.6884,Wander,0, 0,-0.118556,110.179,91.6708,0.121878,-2.99187,-2.41982,4,9.12521,0,0
0.003103,0,0,0,0,240,20,Wander,0, 0,0,180,20,0,0,0,0,60,0,0
0.019851,0,0,0,0,240,20,Wander,0, 0,0,180,20,0,0,0,0,60,0,0
0.038255,0,0,0,0,239.451,20,Seek,-0.549375, 2.74688e-08,0.183125,180.521,20.1737,0.521183,0.173728,0.135036,0,58.9297,0,0
0.053406,0,0,0,0,239.451,20,Seek,-0.549375